AAM2019	0.0028	0.0024	0.9763	0.0010	0.0175
AAM2002	0.0051	0.0087	0.9106	0.0012	0.0744
AAM2048	0.0163	0.9589	0.0085	0.0046	0.0117
AAM3030	0.1817	0.4658	0.2698	0.0051	0.0776
AAM2214	0.0279	0.9313	0.0046	0.0064	0.0298
AAM2213	0.0491	0.8988	0.0044	0.0273	0.0204
AAM2029	0.0020	0.0078	0.9417	0.0015	0.0470
AAM2039	0.0103	0.9661	0.0095	0.0063	0.0078
AAM2021	0.0013	0.0025	0.9784	0.0010	0.0168
AAM2171	0.0392	0.9114	0.0169	0.0045	0.0280
AAM2146	0.0053	0.0030	0.9275	0.0039	0.0603
AAM3186	0.0175	0.0090	0.0890	0.3980	0.4865
AAM2031	0.0289	0.6974	0.2310	0.0073	0.0354
AAM3069	0.0240	0.0054	0.1022	0.0412	0.8272
AAM3430	0.0285	0.0272	0.0924	0.7868	0.0652
AAM3143	0.0706	0.0128	0.0176	0.0021	0.8969
AAM2161	0.0035	0.0643	0.0053	0.0068	0.9202
AAM3181	0.9435	0.0199	0.0100	0.0030	0.0236
AAM2141	0.0606	0.0133	0.0759	0.0176	0.8326
AAM2015	0.0047	0.0050	0.3730	0.0010	0.6163
AAM2166	0.0253	0.0103	0.0111	0.0042	0.9491
AAM2087	0.0022	0.0043	0.9634	0.0043	0.0258
AAM2053	0.0276	0.6276	0.0789	0.1681	0.0978
AAM2084	0.0010	0.0015	0.9855	0.0010	0.0110
AAM2103	0.0031	0.0059	0.0048	0.9811	0.0051
AAM2157	0.0036	0.0274	0.0108	0.0041	0.9541
AAM2038	0.0158	0.9465	0.0080	0.0050	0.0247
AAM2209	0.4348	0.0359	0.0107	0.0021	0.5164
AAM2009	0.0015	0.0022	0.3521	0.0010	0.6432
AAM3185	0.0431	0.0096	0.0999	0.8217	0.0257
AAM2178	0.0164	0.9686	0.0033	0.0026	0.0091
AAM3405	0.0059	0.0122	0.9369	0.0034	0.0416
AAM2197	0.1102	0.0069	0.0085	0.0023	0.8721
AAM2005	0.0029	0.0354	0.5156	0.1417	0.3044
AAM2205	0.8241	0.0094	0.0246	0.0048	0.1371
AAM2102	0.1419	0.0069	0.0084	0.0020	0.8408
AAM2057	0.0050	0.9812	0.0030	0.0059	0.0049
AAM3074	0.0100	0.0077	0.0429	0.0348	0.9046
AAM2032	0.0266	0.0497	0.0973	0.0031	0.8233
AAM2085	0.0010	0.0010	0.9797	0.0010	0.0173
AAM2036	0.0222	0.8234	0.1174	0.0145	0.0225
AAM3034	0.4645	0.3381	0.1336	0.0140	0.0498
AAM3193	0.0677	0.0654	0.1069	0.2955	0.4645
AAM2089	0.0057	0.0059	0.2201	0.0011	0.7672
AAM2099	0.5213	0.0079	0.0149	0.0033	0.4526
AAM2046	0.0080	0.9708	0.0084	0.0045	0.0083
AAM2191	0.0124	0.0072	0.0938	0.0021	0.8845
AAM2120	0.0011	0.0024	0.0036	0.9911	0.0018
AAM2088	0.0042	0.0164	0.3508	0.0014	0.6272
AAM2058	0.0384	0.9383	0.0073	0.0049	0.0111
AAM2105	0.0008	0.0017	0.0017	0.9941	0.0017
AAM2020	0.0013	0.0020	0.9709	0.0010	0.0248
AAM2188	0.0020	0.0047	0.9591	0.0010	0.0332
AAM2160	0.0035	0.0207	0.0093	0.0070	0.9595
AAM2194	0.0516	0.0035	0.8444	0.0030	0.0975
AAM2198	0.0767	0.0072	0.0142	0.0015	0.9004
AAM3041	0.0060	0.0085	0.7194	0.0055	0.2606
AAM2083	0.0010	0.0010	0.9798	0.0010	0.0172
AAM2043	0.0091	0.9737	0.0062	0.0038	0.0072
AAM2045	0.0053	0.9820	0.0033	0.0030	0.0064
AAM3432	0.0400	0.0048	0.0313	0.8961	0.0278
AAM2023	0.0034	0.0022	0.9244	0.0011	0.0689
AAM2017	0.0016	0.0019	0.9435	0.0016	0.0514
AAM2212	0.4841	0.4515	0.0065	0.0110	0.0469
AAM2064	0.0047	0.9772	0.0043	0.0024	0.0114
AAM3248	0.0056	0.9690	0.0067	0.0061	0.0126
AAM2196	0.0345	0.0077	0.0215	0.0077	0.9286
AAM2030	0.0260	0.0138	0.8511	0.0430	0.0661
AAM3431	0.0298	0.0035	0.1075	0.6873	0.1719
AAM2192	0.0077	0.0040	0.1415	0.0020	0.8448
AAM2065	0.0041	0.9819	0.0022	0.0048	0.0070
AAM2068	0.0063	0.9825	0.0021	0.0032	0.0059
AAM2110	0.1268	0.0069	0.0142	0.0021	0.8500
AAM2016	0.0036	0.0010	0.9650	0.0014	0.0290
AAM2013	0.0024	0.0025	0.6344	0.0019	0.3588
AAM2122	0.0008	0.0017	0.0018	0.9938	0.0019
AAM2165	0.0311	0.0122	0.0111	0.0036	0.9420
AAM2024	0.0019	0.0020	0.9661	0.0010	0.0290
AAM2060	0.0280	0.9423	0.0127	0.0094	0.0076
AAM2133	0.7322	0.0255	0.1108	0.0327	0.0989
AAM2206	0.9725	0.0046	0.0061	0.0037	0.0131
AAM2070	0.0198	0.1628	0.0033	0.0059	0.8082
AAM2142	0.0250	0.0032	0.0100	0.0021	0.9597
AAM2132	0.8831	0.0625	0.0145	0.0028	0.0371
AAM2054	0.0081	0.9719	0.0055	0.0030	0.0115
AAM2097	0.0483	0.0055	0.0746	0.0048	0.8668
AAM2073	0.0106	0.9416	0.0054	0.0117	0.0307
AAM2001	0.0010	0.0053	0.9463	0.0010	0.0464
AAM3401	0.0028	0.0030	0.9378	0.0277	0.0287
AAM2025	0.0023	0.0020	0.9734	0.0016	0.0207
AAM3188	0.0421	0.0142	0.0321	0.0061	0.9055
AAM2143	0.0235	0.0111	0.0254	0.0045	0.9355
AAM2106	0.9277	0.0157	0.0301	0.0075	0.0190
AAM3110	0.9103	0.0324	0.0389	0.0035	0.0149
AAM2011	0.0010	0.0057	0.7148	0.0010	0.2775
AAM2061	0.0070	0.9803	0.0033	0.0035	0.0059
AAM2162	0.0034	0.0111	0.0052	0.0108	0.9695
AAM3028	0.0033	0.0032	0.9483	0.0018	0.0434
AAM2144	0.0234	0.0087	0.0602	0.0055	0.9022
AAM2164	0.0398	0.0056	0.0199	0.0023	0.9324
AAM2131	0.8518	0.0140	0.0176	0.0038	0.1128
AAM2035	0.0079	0.9725	0.0126	0.0030	0.0040
AAM2211	0.6455	0.0638	0.0585	0.0042	0.2280
AAM2126	0.9437	0.0190	0.0165	0.0037	0.0171
AAM3403	0.0375	0.0043	0.0469	0.7597	0.1516
AAM3402	0.0158	0.0035	0.3640	0.0025	0.6142
AAM2026	0.0020	0.0048	0.9685	0.0010	0.0237
AAM3045	0.0394	0.4742	0.2168	0.2238	0.0459
AAM2092	0.0244	0.0069	0.0120	0.0011	0.9556
AAM2104	0.0018	0.0021	0.0018	0.9924	0.0019
AAM2123	0.0017	0.0021	0.0014	0.9930	0.0018
AAM2010	0.0031	0.0054	0.4260	0.0018	0.5637
AAM2028	0.0013	0.0018	0.9832	0.0010	0.0127
AAM3215	0.1522	0.0166	0.0216	0.7619	0.0478
AAM2111	0.0424	0.0052	0.0837	0.0057	0.8630
AAM2215	0.0614	0.7927	0.0118	0.0674	0.0666
AAM2187	0.0070	0.0079	0.9203	0.0017	0.0631
AAM2177	0.0108	0.9582	0.0085	0.0040	0.0185
AAM3151	0.0253	0.0083	0.5128	0.0051	0.4485
AAM3180	0.4390	0.0741	0.1840	0.0020	0.3009
AAM2128	0.8994	0.0386	0.0203	0.0040	0.0377
AAM3190	0.0224	0.0093	0.0238	0.0073	0.9372
AAM2189	0.0034	0.0040	0.9643	0.0010	0.0273
AAM2094	0.0042	0.0053	0.3155	0.0012	0.6738
AAM2185	0.9248	0.0138	0.0108	0.0052	0.0454
AAM3116	0.0596	0.0060	0.0377	0.0029	0.8938
AAM2096	0.2698	0.0043	0.0216	0.0023	0.7020
AAM3072	0.0221	0.0046	0.0180	0.0034	0.9519
AAM3247	0.0119	0.8274	0.0060	0.1154	0.0393
AAM2072	0.0617	0.6767	0.0153	0.0218	0.2245
AAM2093	0.0028	0.0030	0.1076	0.0018	0.8848
AAM2004	0.0018	0.0097	0.9539	0.0010	0.0336
AAM2078	0.0201	0.9615	0.0047	0.0031	0.0106
AAM2063	0.0033	0.9538	0.0095	0.0092	0.0242
AAM2034	0.0088	0.9785	0.0047	0.0029	0.0051
AAM2007	0.0011	0.0021	0.1094	0.0010	0.8864
AAM2008	0.0037	0.0176	0.1532	0.0034	0.8221
AAM3048	0.0263	0.0341	0.3437	0.0026	0.5933
AAM2199	0.0582	0.0073	0.0193	0.0011	0.9141
AAM2207	0.9087	0.0077	0.0266	0.0175	0.0395
AAM3032	0.0198	0.1183	0.4337	0.0267	0.4015
AAM2190	0.0105	0.0245	0.9062	0.0020	0.0568
AAM2006	0.0051	0.0060	0.1427	0.0010	0.8452
AAM2014	0.0047	0.0012	0.6015	0.0020	0.3906
AAM2184	0.9721	0.0069	0.0058	0.0026	0.0126
AAM2042	0.0298	0.9361	0.0124	0.0032	0.0185
AAM2050	0.0060	0.9811	0.0035	0.0030	0.0064
AAM2052	0.0085	0.9585	0.0167	0.0056	0.0107
AAM2158	0.0055	0.0301	0.0115	0.0061	0.9468
AAM2145	0.0173	0.0051	0.2931	0.0025	0.6820
AAM2044	0.0665	0.9129	0.0047	0.0038	0.0121
AAM3192	0.0200	0.0376	0.5047	0.2407	0.1970
AAM2186	0.9639	0.0051	0.0101	0.0022	0.0187
AAM2012	0.0160	0.0022	0.2542	0.0043	0.7233
AAM3189	0.0202	0.0051	0.0303	0.0018	0.9426
AAM2195	0.0010	0.0020	0.9773	0.0010	0.0187
AAM2055	0.0414	0.8470	0.0208	0.0095	0.0813
AAM2056	0.2106	0.7651	0.0078	0.0057	0.0108
AAM2066	0.0138	0.9711	0.0022	0.0035	0.0094
AAM2152	0.0365	0.0041	0.0197	0.0021	0.9376
AAM2130	0.8840	0.0060	0.0794	0.0072	0.0234
AAM3107	0.8319	0.0256	0.0987	0.0245	0.0193
AAM3136	0.0874	0.0101	0.0187	0.0054	0.8784
AAM2051	0.0083	0.9565	0.0123	0.0119	0.0110
AAM3042	0.0028	0.0032	0.9767	0.0018	0.0155
AAM2172	0.0302	0.9451	0.0057	0.0034	0.0156
AAM2018	0.0036	0.0020	0.9646	0.0010	0.0288
AAM2153	0.0620	0.0365	0.1306	0.0046	0.7663
AAM2170	0.0098	0.9593	0.0091	0.0118	0.0100
AAM3191	0.0631	0.0112	0.0539	0.0033	0.8685
AAM2041	0.0095	0.9561	0.0176	0.0057	0.0111
AAM2062	0.0125	0.9569	0.0081	0.0037	0.0188
AAM2033	0.0091	0.0627	0.8352	0.0020	0.0910
AAM2147	0.0016	0.0019	0.9664	0.0010	0.0291
AAM2047	0.0070	0.9473	0.0340	0.0037	0.0080
AAM2067	0.0092	0.9632	0.0035	0.0032	0.0209
AAM2159	0.0033	0.0256	0.0031	0.0024	0.9656
AAM3106	0.9341	0.0091	0.0110	0.0192	0.0266
AAM2086	0.0016	0.0025	0.9693	0.0020	0.0246
AAM2059	0.0093	0.8110	0.0208	0.1322	0.0268
AAM3411	0.3247	0.0433	0.1359	0.4236	0.0726
AAM2156	0.0134	0.5850	0.0263	0.0029	0.3724
AAM2027	0.0010	0.0018	0.9818	0.0010	0.0144
AAM2121	0.0018	0.0045	0.0019	0.9894	0.0024
AAM2180	0.0185	0.9552	0.0069	0.0045	0.0149
AAM2003	0.0051	0.0782	0.3275	0.0050	0.5842
AAM2203	0.0372	0.0032	0.0125	0.0021	0.9450
AAM3108	0.9658	0.0076	0.0073	0.0063	0.0130
AAM2074	0.0049	0.9443	0.0034	0.0053	0.0421
AAM2163	0.0249	0.0054	0.0078	0.0035	0.9584
AAM2040	0.0090	0.9784	0.0047	0.0029	0.0050
AAM2037	0.0144	0.9309	0.0302	0.0084	0.0161
AAM2049	0.0177	0.9692	0.0048	0.0036	0.0047
AAM3404	0.0494	0.0449	0.6384	0.0227	0.2446
AAM2079	0.0016	0.0029	0.9684	0.0037	0.0234
AAM2193	0.0010	0.0022	0.9772	0.0010	0.0186
AAM2210	0.6420	0.0186	0.0211	0.0032	0.3151
AAM3238	0.0150	0.9070	0.0402	0.0227	0.0151
AAM2022	0.0051	0.0031	0.9595	0.0080	0.0243
